70.86
71.31
75.40
68.11
69.94
67.20
68.11
71.31
71.31
71.77
65.36
67.20
68.11
72.22
71.31
71.31
75.40
74.04
73.13
75.40
57.03
73.13
71.77
74.50
65.82
72.22
69.94
71.77
70.40
65.82
70.86
69.03
72.22
72.22
72.22
71.77
72.22
71.31
70.86
82.17
69.94
67.20
67.20
66.74
72.22
65.36
69.49
79.47
68.57
116.73
115.02
107.70
112.01
116.73
110.29
114.59
65.82
61.67
111.58
107.70
63.06
57.96
60.74
60.74
57.49
58.89
57.49
57.96
106.84
119.29
67.66
109.86
100.31
99.00
115.02
101.62
120.99
100.75
106.40
57.49
57.96
57.49
50.00
109.00
61.67
61.67
60.28
58.89
50.00
2643.19
2054.04
1961.83
2050.43
81.72
79.47
87.53
69.49
70.86
96.81
94.17
